## LogoData
# First column is position number, counting from zero
# Subsequent columns are raw symbol counts
# Entropy is mean entropy measured in nats.
# Low and High are the 95% confidence limits.
# Weight is the fraction of non-gap symbols in the column.
#	
#	A 	C 	D 	E 	F 	G 	H 	I 	K 	L 	M 	N 	P 	Q 	R 	S 	T 	V 	W 	Y 	Entropy	Low	High	Weight
1 	7 	4 	1 	1 	15 	4 	2 	12 	0 	16 	5 	9 	1 	1 	0 	1 	3 	5 	3 	3 	0.5316 	0.3529 	0.7103 	1.0000
2 	1 	1 	9 	3 	3 	0 	0 	4 	1 	19 	3 	5 	2 	0 	1 	2 	1 	2 	35 	1 	1.2898 	1.0216 	1.5581 	1.0000
3 	0 	2 	5 	2 	25 	2 	0 	10 	5 	16 	1 	2 	0 	4 	5 	4 	4 	1 	1 	3 	0.6218 	0.4271 	0.8165 	0.9892
4 	8 	8 	0 	0 	3 	4 	1 	4 	0 	12 	6 	2 	3 	0 	0 	15 	12 	15 	0 	0 	0.5625 	0.4009 	0.7241 	1.0000
5 	2 	0 	0 	1 	15 	1 	0 	8 	1 	29 	2 	0 	0 	0 	1 	0 	5 	10 	12 	6 	0.9090 	0.6968 	1.1211 	1.0000
6 	13 	0 	0 	3 	2 	33 	1 	1 	3 	6 	0 	0 	1 	2 	14 	5 	5 	3 	1 	0 	0.6263 	0.4217 	0.8308 	1.0000
7 	23 	0 	0 	0 	0 	17 	0 	4 	0 	21 	1 	2 	0 	0 	0 	11 	6 	7 	0 	1 	0.6572 	0.4959 	0.8185 	1.0000
8 	6 	1 	0 	0 	21 	1 	1 	11 	0 	29 	2 	2 	1 	1 	0 	1 	3 	9 	2 	2 	0.7774 	0.5592 	0.9956 	1.0000
9 	0 	7 	0 	0 	11 	1 	0 	4 	0 	32 	22 	0 	1 	0 	0 	2 	4 	9 	0 	0 	1.1269 	0.9126 	1.3412 	1.0000
10 	4 	0 	0 	0 	1 	18 	1 	3 	2 	2 	0 	10 	5 	28 	6 	6 	3 	1 	0 	3 	0.7477 	0.5565 	0.9388 	1.0000
11 	3 	0 	0 	1 	1 	2 	0 	2 	0 	6 	3 	6 	3 	56 	2 	4 	0 	3 	1 	0 	1.4035 	1.1241 	1.6828 	1.0000
12 	7 	0 	0 	1 	0 	36 	0 	1 	1 	3 	0 	3 	14 	0 	1 	19 	5 	1 	0 	0 	0.8793 	0.6794 	1.0793 	0.9892
13 	3 	13 	0 	0 	16 	9 	1 	10 	0 	10 	1 	1 	2 	0 	0 	15 	1 	10 	0 	0 	0.7656 	0.5956 	0.9357 	0.9892
14 	2 	0 	0 	1 	0 	3 	1 	1 	1 	3 	0 	0 	7 	1 	2 	4 	0 	1 	1 	2 	0.5582 	0.2891 	0.8274 	0.3226
15 	2 	0 	14 	19 	0 	5 	1 	3 	3 	4 	1 	5 	4 	0 	4 	4 	4 	5 	1 	4 	0.4229 	0.2487 	0.5970 	0.8925
16 	2 	2 	2 	0 	3 	0 	0 	2 	0 	0 	1 	0 	5 	0 	2 	1 	0 	5 	1 	1 	0.7272 	0.4448 	1.0095 	0.2903
17 	1 	0 	1 	5 	8 	5 	2 	16 	2 	23 	2 	2 	1 	3 	4 	5 	1 	2 	3 	3 	0.4699 	0.2656 	0.6743 	0.9570
18 	1 	0 	0 	1 	1 	2 	1 	0 	0 	1 	0 	1 	8 	0 	6 	3 	1 	2 	1 	1 	0.6820 	0.3881 	0.9759 	0.3226
19 	9 	1 	0 	1 	2 	3 	1 	4 	4 	14 	5 	9 	3 	3 	9 	10 	6 	2 	0 	1 	0.3099 	0.1541 	0.4657 	0.9355
20 	2 	0 	1 	1 	2 	1 	1 	0 	1 	1 	0 	4 	54 	2 	9 	3 	4 	2 	0 	1 	1.2915 	1.0069 	1.5761 	0.9570
21 	4 	0 	1 	0 	2 	2 	0 	3 	17 	4 	1 	2 	5 	2 	27 	5 	7 	1 	1 	3 	0.6313 	0.4240 	0.8386 	0.9355
22 	15 	3 	1 	0 	3 	8 	0 	0 	3 	4 	0 	7 	1 	0 	7 	29 	4 	0 	2 	1 	0.6577 	0.4507 	0.8646 	0.9462
23 	3 	0 	2 	1 	7 	2 	3 	7 	2 	19 	3 	2 	6 	0 	8 	3 	7 	5 	4 	3 	0.3616 	0.1848 	0.5383 	0.9355
24 	7 	0 	0 	0 	2 	4 	4 	1 	6 	0 	2 	0 	3 	1 	6 	36 	11 	2 	0 	0 	0.8138 	0.5845 	1.0431 	0.9140
25 	5 	1 	2 	3 	0 	15 	1 	2 	3 	14 	4 	0 	2 	1 	3 	9 	18 	3 	0 	0 	0.4509 	0.2699 	0.6319 	0.9247
26 	0 	0 	0 	0 	3 	1 	1 	0 	9 	2 	3 	0 	0 	1 	69 	2 	0 	2 	0 	0 	1.7211 	1.4426 	1.9996 	1.0000
27 	3 	3 	0 	0 	10 	1 	1 	21 	0 	27 	7 	0 	2 	4 	0 	0 	4 	6 	0 	4 	0.7859 	0.5836 	0.9881 	1.0000
28 	5 	0 	0 	0 	8 	0 	0 	23 	0 	24 	7 	0 	0 	1 	0 	2 	2 	20 	0 	1 	0.9147 	0.7318 	1.0976 	1.0000
29 	7 	1 	0 	2 	14 	11 	2 	7 	0 	12 	4 	1 	0 	0 	1 	6 	7 	10 	0 	8 	0.4668 	0.3211 	0.6124 	1.0000
30 	18 	0 	0 	0 	9 	20 	0 	7 	0 	11 	9 	3 	0 	0 	0 	7 	1 	7 	1 	0 	0.6471 	0.4879 	0.8062 	1.0000
31 	12 	1 	0 	1 	6 	5 	1 	9 	0 	13 	5 	0 	0 	0 	0 	6 	11 	20 	1 	2 	0.5356 	0.3713 	0.6999 	1.0000
32 	0 	1 	0 	0 	0 	0 	0 	8 	1 	18 	2 	0 	1 	1 	0 	5 	3 	4 	46 	3 	1.7857 	1.5022 	2.0693 	1.0000
33 	11 	9 	0 	0 	10 	2 	1 	3 	0 	17 	5 	0 	0 	0 	1 	3 	3 	1 	26 	1 	1.1663 	0.9342 	1.3984 	1.0000
34 	4 	1 	0 	0 	29 	2 	0 	15 	0 	29 	2 	0 	0 	0 	0 	1 	1 	7 	1 	1 	1.0599 	0.8462 	1.2735 	1.0000
35 	7 	0 	0 	0 	50 	2 	0 	5 	0 	7 	1 	2 	0 	1 	0 	4 	3 	5 	2 	4 	1.2511 	0.9909 	1.5113 	1.0000
36 	16 	4 	2 	0 	0 	21 	1 	4 	0 	1 	0 	1 	0 	0 	0 	15 	24 	4 	0 	0 	0.8163 	0.6376 	0.9949 	1.0000
37 	0 	0 	0 	0 	16 	3 	0 	11 	0 	42 	4 	0 	0 	1 	0 	0 	3 	10 	0 	3 	1.0264 	0.8095 	1.2434 	1.0000
38 	0 	1 	0 	0 	8 	1 	0 	46 	0 	12 	6 	2 	1 	0 	0 	1 	2 	13 	0 	0 	1.2246 	0.9956 	1.4537 	1.0000
39 	0 	1 	0 	0 	13 	0 	0 	25 	0 	29 	11 	0 	0 	0 	0 	1 	2 	10 	0 	1 	1.1060 	0.9157 	1.2963 	1.0000
40 	2 	2 	0 	1 	1 	4 	0 	17 	0 	14 	1 	0 	0 	0 	8 	15 	13 	9 	0 	6 	0.5926 	0.4390 	0.7462 	1.0000
41 	17 	4 	1 	0 	0 	1 	0 	2 	0 	1 	0 	17 	0 	4 	0 	33 	12 	1 	0 	0 	0.9802 	0.7850 	1.1755 	1.0000
42 	4 	1 	0 	0 	7 	1 	0 	8 	0 	6 	5 	1 	0 	0 	0 	35 	12 	4 	2 	7 	0.8180 	0.6079 	1.0280 	1.0000
43 	0 	1 	0 	1 	6 	0 	0 	1 	0 	2 	0 	2 	0 	0 	0 	2 	0 	3 	1 	74 	2.2978 	2.0095 	2.5861 	1.0000
44 	2 	1 	1 	5 	1 	3 	0 	5 	1 	1 	1 	3 	0 	7 	1 	10 	44 	3 	0 	4 	0.9030 	0.6563 	1.1496 	1.0000
45 	58 	3 	0 	0 	0 	10 	1 	0 	0 	1 	0 	1 	0 	0 	0 	15 	3 	1 	0 	0 	1.2893 	1.0428 	1.5357 	1.0000
46 	0 	0 	0 	0 	2 	5 	1 	4 	8 	5 	0 	37 	0 	9 	2 	10 	2 	1 	0 	7 	0.9440 	0.7367 	1.1513 	1.0000
47 	0 	0 	0 	1 	3 	0 	0 	4 	0 	73 	3 	1 	0 	0 	0 	1 	2 	5 	0 	0 	1.5013 	1.2178 	1.7848 	1.0000
48 	38 	0 	1 	2 	5 	0 	1 	3 	2 	6 	0 	0 	0 	4 	1 	10 	9 	8 	0 	3 	0.6718 	0.4556 	0.8880 	1.0000
49 	45 	0 	3 	0 	1 	4 	2 	0 	1 	1 	2 	2 	0 	1 	0 	23 	8 	0 	0 	0 	1.0314 	0.7942 	1.2686 	1.0000
50 	1 	0 	0 	0 	41 	2 	0 	6 	1 	11 	4 	1 	0 	1 	0 	7 	5 	5 	3 	5 	1.0602 	0.8253 	1.2951 	1.0000
51 	1 	0 	0 	0 	10 	0 	0 	5 	0 	60 	11 	0 	0 	0 	0 	1 	0 	3 	0 	2 	1.3879 	1.1278 	1.6480 	1.0000
52 	4 	0 	0 	0 	2 	0 	0 	10 	0 	8 	1 	0 	0 	4 	6 	0 	48 	8 	2 	0 	1.1291 	0.8951 	1.3631 	1.0000
53 	1 	0 	4 	0 	4 	7 	4 	5 	3 	8 	2 	5 	0 	7 	3 	11 	10 	18 	0 	1 	0.3857 	0.2388 	0.5327 	1.0000
54 	3 	0 	3 	24 	0 	4 	2 	0 	2 	0 	1 	1 	28 	5 	3 	12 	3 	2 	0 	0 	0.8104 	0.6093 	1.0114 	1.0000
55 	4 	1 	0 	6 	2 	1 	0 	1 	10 	9 	0 	2 	22 	3 	23 	6 	2 	0 	0 	1 	0.6662 	0.4845 	0.8479 	1.0000
# End LogoData
